Number,Age_over_65,Charlson_index[score],Disease_onset_D1_highest_body_temperature[℃],Fever_days,CT1-D1[days],Affected_lung_lobes_1,CTSS_score_1,CT2-D1[days],Affected_lung_lobes_2,CTSS_score_2,Imaging_Improvement>25%_(after_1_week),Total_D1WBC[10^9/L],D1_Neutrophil_count[10^9/L],D1_lymphocyte_count[10^9/L],D1_Monocyte_Count[10^9/L],NRL[%],D1_eosinophil_count[10^9/L],D1plt[10^9/L],D1Hb[g/L],Total_D7WBC[10^9/L],D7_neutrophil_count[10^9/L],D7_lymphocyte_count[10^9/L],D7_monocyte_count[10^9/L],D7_eosinophil_count[10^9/L],D7plt[10^9/L],D7Hb[g/L],Albumin_(ALB)[g/L],Alanine_aminotransferase_(ALT)[U/L],Aspartate_aminotransferase_(AST)[U/L],CK[U/L],total_bilirubin[μmol/L],Random_blood_glucose[mmol/L],creatinine[μmol/L],PT[sec],APTT[sec],FIB[g/L],D-Dimer[ng/mL],PCT[ng/mL],CRP[mg/L],Oxygenation_index_D1[mmHg],Lactic_acid_D1[mmol/L],BE_D1[mmol/L],Time_1-D1[days],ORF_value_1[Hu],N-value_1[Hu],Time_2-D1[days],Viral_persistence_time[days],Negative_conversion,Antiviral_Drug,Use_or_D1_initial_positive_time[days],Administration_method,Usage_days,Hormones,Hormone_usage_days,Immunotherapy,Antibiotics,Anticoagulation,D1_anticoagulant_dosage_(ml)/d,D2_anticoagulant_dosage_(ml)/d,D3_anticoagulant_dosage_(ml)/d,D4_anticoagulant_dosage_(ml)/d,D5_anticoagulant_dosage_(ml)/d,D6_anticoagulant_dosage_(ml)/d,Anticoagulant_days,"Bleeding_events_(0_none,_1_digestive_tract,_2_respiratory_tract,_3_skin,_4_others)",Mechanical_ventilation_days,Prone_position_ventilation,Vasoactive_drugs,ICU_hospitalization_days,Death,Hospitalization_days,Hypertension_disease,Diabetes_disease,CVD_disease,COPD_disease,Cerebrovascular_disease,Chronic_Kidney_disease,Malignant_tumor_disease,Immunodeficiency_disease,Other_disease,Whole_body_symptoms,Respiratory_symptoms,Cardiovascular_symptoms,Other_symptoms,Nervous_symptoms,Gastrointestinal_symptoms,Mask_Oxygen_therapy,NonInvasive_Oxygen_therapy,Invasive_Oxygen_therapy,HighFlow_Oxygen_therapy,ECMO
1,1,5,37.7,3,-4,5,15,NA,NA,NA,NA,7.28,6.05,0.64,0.57,9.453125,0,214,138,6.81,5.68,0.61,0.44,0.05,132,147,31.98,19,42,150,11.2,16.74,59.43,NA,NA,6.66,1350,0.73,32.8,161.5,1.3,8,-4,NA,NA,4,4,0,NA,4,NA,NA,NA,0,NA,1,1,0.4,0.4,4,0.4,0.4,NA,4,0,0,0,0,0,1,4,1,1,1,0,0,0,0,0,0,1,1,1,1,0,0,1,0,0,0,0
2,1,5,36.6,4,2,5,9,NA,NA,NA,NA,10.31,8.53,0.6,1.17,14.2166666666667,0,220,141,8.78,8.11,0.34,0.32,0,174,106,33.2,21,41,298,14.7,10.31,102.42,14.1,38.5,6.04,2000,0.93,113,167,1.7,1.7,6,13.09,13.16,NA,6,0,NA,-6,NA,NA,NA,0,NA,1,1,0.4,0.4,0.4,0.4,0.4,0.4,7,0,0,0,0,0,1,6,1,0,0,1,0,0,0,0,0,0,1,0,0,1,0,1,0,0,0,0
3,1,7,38.2,7,5,5,19,19,5,18,1,9.58,8.53,0.76,0.29,11.2236842105263,0,105,136,5.9,5.19,0.49,0.21,0,152,136,33.17,28,80,2912,11.8,8.12,93.05,13.9,44.9,5.06,1680,17.3,173.4,NA,NA,NA,3,18.51,19.32,4,20,0,1,2,1,5,1,7,0,1,0,0,0,0,0,0,0,0,0,0,0,1,0,1,26,1,0,1,0,1,0,0,0,0,1,1,0,0,0,0,1,0,0,0,0
4,1,8,36.5,0,2,5,12,NA,NA,NA,NA,3.51,2.54,0.63,0.31,4.03174603174603,0.009,155,89,NA,NA,NA,NA,NA,NA,NA,26.87,13,26,74,8.7,8.14,200.05,13.1,45.8,5.05,2960,0.05,71.3,103,2.4,-13.2,2,15.72,17.37,3,3,0,1,0,1,6,NA,0,NA,1,1,1.2,1.2,1.2,0,0,0,3,0,0,0,0,0,1,10,1,1,1,0,0,1,0,0,0,1,1,0,0,0,0,1,0,0,0,0
5,1,4,36.7,1,1,3,5,11,4,9,2,7.37,5.08,0.92,1.36,5.52173913043478,0,227,137,17.09,15.23,0.77,1.04,0,438,145,30,12,33,75,17.8,5.72,147.55,13.7,49.1,6.17,1490,0.14,91.8,298,1.5,0,1,17.98,18.97,4,10,0,1,0,1,5,1,5,NA,1,0,0,0,0,0,0,0,0,0,0,0,0,0,2,22,1,0,0,0,0,0,0,0,0,0,1,0,0,0,0,1,0,0,0,0
6,1,4,37.1,0,-2,3,6,NA,4,7,2,12.33,10.95,1.08,0.28,10.1388888888889,0,207,121,NA,NA,NA,NA,NA,NA,NA,32.6,9,59,2230,11.8,18.12,623.34,14.2,43.5,6.35,5830,41.97,241.8,227,1.9,-4.5,0,27.64,28.8,NA,0,0,NA,0,NA,NA,NA,0,NA,1,0,0,0,0,0,0,0,0,0,0,0,1,0,1,5,NA,NA,NA,NA,NA,NA,NA,NA,NA,1,1,0,0,0,0,1,0,0,0,0
7,1,7,36.5,0,-1,3,9,7,3,10,2,4.22,2.58,1,0.64,2.58,0,211,104,7.7,6.2,0.92,0.58,0,361,94,33.08,12,28,93,8.7,18.41,111.12,NA,NA,4.8,1770,0.05,127,260,1.7,-0.1,1,20.69,24.86,NA,8,1,1,-1,1,5,2,4,NA,1,1,0,0,0,0,0,0.4,10,0,0,0,0,0,2,15,0,1,1,0,1,0,0,0,0,1,1,0,0,0,0,1,0,0,0,0
8,1,10,38,3,0,2,5,11,3,6,2,8.49,7.39,0.35,0.72,21.1142857142857,0.02,300,81,7.03,5.5,0.45,0.89,0.11,287,68,26.13,29,126,279,9,7.92,208.06,20.5,56.4,6.87,2000,0.76,169.9,269,2,-2.8,NA,NA,NA,NA,NA,NA,1,0,1,5,NA,NA,NA,1,1,0.4,0.4,0.4,0.4,0.4,0.4,14,0,0,1,0,0,2,13,0,0,1,0,1,0,1,0,0,1,1,0,0,0,0,1,0,0,0,0
9,0,4,36.5,0,-1,2,3,6,2,2,1,10.76,7.57,2.07,1,3.65700483091787,0.08,289,124,14.41,12.15,1.23,1.02,0,216,139,29.96,11,20,95,16.3,9.33,86.94,15.3,75.8,4.05,1330,0.05,3.7,221,1.7,-0.4,NA,NA,NA,NA,1,1,NA,20,NA,NA,2,4,NA,1,0,0,0,0,0,0,0,0,0,0,0,0,0,2,10,1,1,1,0,0,0,0,0,0,0,1,1,0,0,0,1,0,0,0,0
10,1,11,36.7,0,6,4,10,16,3,8,1,12.25,10.32,0.61,1.29,16.9180327868852,0.01,343,77,7.17,4.72,1.5,0.89,0.06,229,64,21.4,8,39,44,8.8,8.49,221.56,15.3,46.9,4.61,1870,0.2,195.3,NA,NA,NA,0,12.29,9.97,NA,6,1,NA,0,NA,NA,NA,NA,NA,1,1,0,0,0.4,0.4,0.4,0.4,9,1,0,0,0,0,2,13,0,0,0,0,0,1,1,1,0,1,1,0,0,0,0,0,1,0,0,0
11,1,3,36.7,0,-1,3,8,10,3,4,1,6.39,5.04,0.65,0.53,7.75384615384615,0.06,117,111,9.27,7.88,0.55,0.83,0,221,103,20.44,55,108,131,8.7,6.43,54.34,15,35.2,5.94,4610,0.09,52.3,272,1.2,4.8,0,28.42,27.42,NA,6,1,1,11,1,6,2,9,NA,1,1,0,0,0,0,0,0.4,10,0,0,1,0,0,2,10,0,0,1,0,0,0,0,0,0,1,1,0,0,1,0,1,0,0,0,0
12,1,4,36.3,3,-1,5,9,4,5,9,2,5.72,4.35,0.9,0.43,4.83333333333333,0.02,398,55,15.31,13.11,1.18,0.98,0,435,80,25.14,79,75,78,6.5,6.99,295.02,14.9,46.1,6.97,2760,0.53,105.13,NA,NA,NA,5,22.61,20.11,NA,5,0,NA,-5,NA,NA,NA,NA,NA,1,1,0.4,0.4,0.4,0.4,0.4,0.4,7,0,0,0,0,0,1,6,1,0,1,0,0,0,0,0,1,1,1,0,0,0,1,0,1,0,0,0
13,1,5,36.1,4,-3,5,10,NA,NA,NA,NA,19.98,18.74,0.67,0.54,27.9701492537313,0.01,203,94,18.66,17.03,1.05,0.55,0.02,122,64,21.67,16,39,165,9.5,7.86,346.61,24,46,5.56,10980,40.48,75.3,151,2.8,-4.6,NA,NA,NA,NA,4,1,NA,0,NA,NA,NA,NA,NA,1,0,0,0,0,0,0,0,0,1,0,0,0,0,1,6,NA,NA,NA,NA,NA,NA,NA,NA,NA,1,1,0,0,0,1,0,1,0,0,0
14,1,8,36.2,0,-1,4,10,8,5,9,1,16.87,15.78,0.59,0.45,26.7457627118644,0.02,228,128,16.27,14.84,0.93,0.43,0,344,112,33.4,49,123,114,19.5,10.95,105.81,14.8,51.2,8.52,3290,7.37,213.3,NA,NA,NA,1,18.55,16.68,NA,1,0,1,-1,1,5,1,10,NA,1,0,0,0,0,0,0,0,0,0,0,0,0,0,2,9,0,1,0,0,0,0,0,1,1,1,1,0,0,0,0,1,0,0,0,0
15,1,7,39.2,3,-1,3,6,NA,NA,NA,NA,7.75,5.96,0.96,0.81,6.20833333333333,0,223,154,NA,NA,NA,NA,NA,NA,NA,33,64,68,580,11.1,8.97,133.87,15.1,35.7,5.46,13380,0.07,61.5,209,2.2,0.8,0,13.11,15.62,NA,0,0,2,0,1,1,1,1,NA,1,0,0,0,0,0,0,0,0,0,0,0,1,0,1,2,1,1,1,0,1,0,0,0,0,1,1,0,0,1,0,0,1,0,0,0
16,1,6,37.1,0,0,5,14,7,5,12,1,11.36,7.74,0.89,2.71,8.69662921348315,0.01,173,115,10.56,6.21,2.2,1.88,0.25,183,99,31.87,58,91,1277,10.9,12,166.38,14.4,40.6,5.84,2450,0.48,151.1,148,1,-6.2,1,25.6,26.1,NA,1,0,1,-1,1,6,NA,NA,NA,1,0,0,0,0,0,0,0,0,0,0,0,0,0,2,9,1,0,1,0,0,0,0,0,0,0,1,0,0,0,0,0,1,0,0,0
17,NA,7,36.6,0,2,3,8,NA,NA,NA,NA,9.06,7.61,0.84,0.35,9.05952380952381,0.23,223,86,5.72,4.57,0.58,0.34,0.21,202,68,30.14,5,17,51,12.9,9.23,775.35,14.8,48.6,6.47,2250,0.45,NA,NA,NA,NA,-12,6.49,7.93,NA,-12,0,NA,12,NA,NA,NA,NA,NA,1,0,0,0,0,0,0,0,0,0,0,0,0,0,2,6,1,1,1,1,0,1,0,0,0,1,1,0,0,0,0,0,1,0,0,0
18,1,10,36.6,0,-1,4,8,8,5,7,2,9.1,7.56,0.84,0.62,9,0.07,184,120,6.77,5.12,0.73,0.86,0.05,160,99,30.3,29,38,84,16.6,4.5,105.73,16.1,46.8,5.64,1280,6.05,85.6,138.8,1.1,-10.1,NA,NA,NA,NA,9,1,NA,0,NA,NA,NA,NA,NA,1,1,0.4,0.4,0.4,0.4,0.4,0.4,15,0,0,0,0,0,1,16,1,1,1,0,0,0,1,0,0,1,1,0,0,0,0,0,1,0,0,0
19,1,14,37.7,3,2,5,16,9,5,10,1,5.05,3.93,0.8,0.27,4.9125,0.05,255,93,6.25,4.78,1.06,0.41,0,291,78,26.7,40,55,58,17.1,13.04,313.11,13.3,42.5,6.18,2110,0.53,113.3,207,1.4,-10.3,9,22.48,24.72,NA,13,1,NA,13,NA,NA,1,10,NA,1,0,0,0,0,0,0,0,0,1,0,0,0,0,2,14,1,1,1,0,1,1,0,0,0,1,1,0,0,1,0,0,1,0,0,0
20,1,4,37,0,0,4,11,11,5,11,2,4.89,3.27,0.9,0.71,3.63333333333333,0,130,99,10.31,8.88,0.73,0.69,0,176,95,32.13,40,66,193,15.4,6.14,89.06,14.1,39.2,4.4,980,0.05,63,147.3,1.1,1.6,NA,NA,NA,NA,1,1,1,7,1,5,NA,10,NA,1,0,0,0,0,0,0,0,0,0,0,1,0,0,2,18,NA,NA,NA,NA,NA,NA,NA,NA,NA,1,1,0,0,0,0,0,1,0,0,0
21,1,4,37.3,2,-1,4,7,7,4,6,1,9.39,7.64,1.17,0.57,6.52991452991453,0,70,141,4.47,2.73,0.86,0.66,0.21,275,112,35.33,17,32,429,38.2,5.18,91.81,13.4,53.2,5.34,1040,3.97,182.3,252,0.9,2.6,4,22.35,21.79,5,23,0,NA,1,NA,NA,NA,NA,NA,1,0,0,0,0,0,0,0,0,0,1,0,0,0,2,23,0,0,0,0,1,0,0,0,0,1,0,0,0,1,0,1,0,0,0,0
22,1,3,37.2,0,2,5,11,13,5,6,1,2.74,1.4,1.04,0.29,1.34615384615385,0,265,133,5.22,4.07,0.85,0.3,0,304,125,35.59,44,60,78,8.5,5.19,42.71,12.2,35.6,6.42,1250,0.05,83.3,188.1,1.1,0.8,2,28.91,27.33,NA,7,1,1,8,1,13,NA,8,NA,0,1,0.4,0.4,0.4,0.4,0.4,0.4,15,0,0,0,0,0,2,15,0,0,1,0,0,0,0,0,0,1,1,0,0,0,0,1,0,0,0,0
23,1,6,37.6,1,2,2,3,13,2,2,1,8.21,6.13,1.07,0.99,5.72897196261682,0.01,323,115,16.16,13.61,1.3,1.19,0.01,387,123,28.7,40,40,105,10.9,8.43,61.55,13.6,33.6,5.53,530,0.29,51.05,240.9,0.9,7.1,4,24.05,21.77,8,8,0,1,4,1,6,1,3,NA,1,0,0,0,0,0,0,0,0,0,0,0,0,0,2,14,0,1,0,1,0,0,0,0,0,1,1,0,0,0,0,1,0,0,0,0
24,0,3,36.9,1,-1,4,11,7,5,9,1,9.48,8.44,0.32,0.62,26.375,0.06,341,142,9.65,8.1,0.87,0.39,0.26,417,129,28.36,64,28,49,9.9,11.17,82.19,15.3,36.9,9.01,1650,0.52,NA,199,2,3.3,1,26.36,22.76,NA,1,0,2,-1,1,14,2,14,NA,1,0,0,0,0,0,0,0,0,0,0,0,0,0,2,12,0,1,0,0,0,0,1,0,0,1,1,0,0,0,0,0,1,0,0,0
25,0,4,37.2,1,3,2,4,8,2,4,2,16.01,14.22,0.47,1.3,30.2553191489362,0,318,128,11.29,9.62,0.81,0.85,0,337,123,35.77,39,61,183,6.2,2.78,37.23,13,41.8,6.87,2320,0.3,NA,374,1,3.4,0,9.49,10.33,5,8,0,2,2,1,11,2,5,NA,1,1,0.4,0.4,0.4,0.4,0.4,0.4,13,0,0,0,0,0,2,9,0,0,0,0,0,0,1,0,1,1,1,0,0,0,0,1,0,0,0,0
26,1,6,36.2,0,5,5,5,NA,NA,NA,NA,5.84,3.8,1.02,0.79,3.72549019607843,0.17,239,139,8.88,7.05,1.19,0.58,0.05,237,100,36.96,6,30,30,15.5,9.5,855.98,14.4,40.7,8.35,4730,1.82,80.11,319,1.8,-6,NA,NA,NA,NA,1,1,NA,10,NA,NA,2,6,NA,1,1,0.4,0.4,0.4,0.4,0.4,0.4,8,0,0,0,0,0,2,5,1,1,1,0,0,1,0,0,0,1,1,0,0,0,0,1,0,0,0,0
27,0,3,36.7,0,-1,5,20,5,5,12,1,7.13,5.43,1.17,0.52,4.64102564102564,0,411,144,9.7,6.9,2.1,0.6,0.1,360,138,37.78,59,44,26,22.7,9.25,83.76,14.3,40.8,7.15,680,0.05,40.39,331.9,1.8,-0.8,NA,NA,NA,NA,-1,1,NA,14,NA,NA,2,7,2,0,1,0.4,0.4,0.4,0.4,0.4,0.4,11,0,0,0,0,0,2,8,1,0,0,0,0,0,0,0,0,1,1,0,0,0,0,1,0,0,0,0
28,1,8,36.8,0,5,5,9,7,5,9,2,7.3,4.7,1.3,1,3.61538461538462,0.2,326,123,12.34,9.25,1.98,0.99,0.11,455,125,28.03,51,70,177,25.9,7.1,78.7,15.3,39,7.67,870,0.28,114.47,154.2,1.7,2.6,NA,NA,NA,NA,0,1,NA,13,NA,NA,2,12,NA,1,1,0.4,0.4,0.4,0.4,0.4,0.4,12,0,0,0,0,0,2,11,1,0,0,0,0,0,1,0,0,1,1,0,0,0,0,0,1,0,0,0
29,1,8,37,0,-1,5,12,8,5,9,1,7.18,5.65,1.03,0.48,5.48543689320388,0.01,284,107,10.4,8.3,1.2,0.9,0,400,99,29.99,105,185,119,8.1,6.14,128.64,13.9,42.4,7.81,2740,1.12,86.89,476,1,-2.7,0,21.41,23.57,8,8,0,2,12,1,10,2,7,NA,0,1,0.4,0.4,0.4,0.4,0.4,0.4,12,0,0,0,0,0,2,9,1,0,1,0,1,0,0,1,0,1,1,0,0,0,0,1,0,0,0,0
30,1,3,36.9,0,4,4,5,NA,NA,NA,NA,5.81,3.34,1.56,0.9,2.14102564102564,0,266,92,4.24,2.1,1.96,0.17,0,338,93,30.5,20,30,60,9.1,6.5,86.6,14.1,38.1,6.06,2100,0.05,56.09,336.6,0.6,3.6,1,19.41,20.71,NA,1,0,2,-1,1,9,2,6,NA,0,0,0,0,0,0,0,0,0,0,0,0,0,0,2,8,1,0,0,0,0,0,0,0,0,1,1,0,0,0,0,1,0,0,0,0
31,1,7,37.2,0,2,5,21,-44929,NA,NA,2,5.8,5.29,0.25,0.27,21.16,0,125,81,16.73,15.84,0.19,0.69,0,151,83,30.9,20,57,241,5.1,21.8,174,13.5,38.7,5.34,2560,1.69,220,298.3,1.1,-12.6,1,16.3,14.85,2,2,0,0,3,NA,NA,2,8,2,1,1,0.4,0.4,0.4,0.4,0.4,NA,5,1,6,1,1,7,1,7,1,1,1,0,0,1,0,0,0,1,1,0,0,0,0,0,1,0,0,0
32,0,3,NA,0,-1,4,15,5,4,14,1,30.7,28.58,1.7,0.48,16.8117647058824,0,196,113,21.4,18.7,0.9,1.8,0,534,114,27.5,18,24,26,16,9.69,81,15.3,45,8.94,310,25.85,169,201.6,2,NA,1,13.25,14.17,10,10,0,1,1,1,5,2,11,0,1,1,0.3,0.3,0.3,0.3,0.3,0.3,15,0,0,0,0,9,2,15,0,0,0,1,0,0,0,0,0,0,1,0,0,0,0,1,0,0,0,0
33,0,5,39.2,1,1,4,9,15,5,17,2,10.5,8.7,0.69,1.18,12.6086956521739,0.001,317,78,5.5,5.34,0.04,0.11,0,153,79,36,18,20,29,10,2.28,92,12.5,32,2.05,2890,0.05,0.5,55.2,1.3,0.8,0,15.05,13.5,13,26,0,1,1,1,9,1,NA,0,1,1,0.4,0.4,0.4,0.4,0.4,0.4,30,0,5,1,0,5,2,43,1,1,0,0,0,0,0,1,0,0,1,0,0,0,0,0,1,0,0,0
34,1,9,36.9,0,0,3,6,4,4,13,2,3.87,2.97,0.6,0.26,4.95,0.008,113,109,3.5,3.1,0.31,0.12,0,193,103,34,87,137,50,11.3,11,111,14.7,41,3.19,780,0.05,14.9,307,1.3,-4.1,0,14.29,14.76,4,17,0,0,0,NA,NA,1,6,0,1,1,0.3,0.3,0.3,0.3,0.3,0.3,6,0,0,0,0,6,2,18,1,1,0,0,0,0,0,0,0,0,1,0,0,0,0,1,0,0,0,0
35,1,6,39,NA,0,5,13,7,5,14,2,3.14,2.3,0.42,0.41,5.47619047619048,0,128,112,11.3,10.3,0.4,0.5,0,198,96,30.5,486,538,1372,10.9,6.59,93,12.4,38.5,4.65,1700,2.64,45,158,1.6,-8.7,5,20.8,23.69,11,29,1,1,0,1,4,2,9,2,1,1,0.4,0.8,NA,NA,NA,NA,2,0,3,0,0,9,2,35,1,0,1,0,1,0,0,0,0,1,1,1,0,0,0,1,0,0,0,0
36,0,7,36.5,0,0,5,21,25,5,18,1,13.56,11.33,1.27,0.94,8.92125984251969,0,437,133,13.64,13.11,0.22,0.3,0,265,97,31.83,58,73,954,16,11.8,69,13.7,37.6,6.2,2680,2.55,197,174,1.1,2.7,NA,NA,NA,9,1,1,1,13,1,9,NA,12,0,1,1,0.2,0.2,0.2,0.2,0.2,0.2,11,0,8,1,1,9,2,31,0,0,0,0,0,0,1,0,0,0,1,0,0,0,0,1,0,0,0,0
37,0,3,NA,NA,-44923,NA,NA,-44923,NA,NA,1,6.35,5.66,0.42,0.2,13.4761904761905,0.009,372,80,4.56,3.84,0.34,0.36,0.004,257,73,34.2,5,18,34,13,14.27,150,17.3,57.2,6.58,3240,1.74,NA,NA,NA,NA,0,9.34,11.01,6,16,0,1,0,2,5,2,9,0,1,1,0.4,NA,NA,NA,NA,NA,1,0,18,1,1,18,1,18,1,1,1,0,0,0,0,0,0,0,1,0,0,0,0,0,0,1,0,0
38,1,4,39,NA,8,5,23,-44927,NA,NA,1,18.97,18,0.46,0.49,39.1304347826087,0,282,97,13.12,12.5,0.3,0.28,0.001,290,104,27,22,30,122,7,22,128,16,28.9,8.2,2090,7.9,312,NA,NA,NA,3,12.07,13.75,12,12,1,1,-3,2,5,2,10,2,1,1,0.2,0.2,0.4,0.4,0.4,0.8,14,0,11,0,1,13,1,28,1,1,0,0,0,0,0,0,0,1,1,0,0,0,0,0,0,1,0,0
39,1,13,39.3,NA,-1,5,18,11,5,18,2,9.55,8.7,0.25,0.59,34.8,0,233,142,16.8,15.58,0.24,0.9,0.004,205,128,29,29,61,46,13,8.4,72,12,34,5.8,2770,0.28,107,NA,NA,NA,-1,12.3,12.7,8,8,1,1,2,1,5,2,13,2,1,1,0.2,0.2,0.6,0.6,0.6,0.6,NA,0,0,0,0,7,2,36,0,0,0,0,0,0,1,0,0,1,1,0,0,0,0,0,1,0,0,0
40,1,5,39.7,NA,0,4,14,9,4,9,1,5.9,4.8,0.58,0.46,8.27586206896552,0.005,72,96,7.54,6.4,0.66,0.44,0.001,83,92,27,22,58,238,16,5.8,80.95,15,45,5.5,3930,0.45,130,NA,NA,NA,2,25.23,23.66,3,10,1,1,5,1,5,2,6,0,1,1,0.2,0.2,0.2,0.2,0.2,0.2,6,0,0,1,0,0,2,13,1,0,1,0,1,0,0,0,0,1,1,0,0,0,0,1,0,0,0,0
41,0,3,39.7,NA,-1,5,12,19,4,6,1,5.86,4.22,1.16,0.36,3.63793103448276,0.017,83,129,4.6,3.7,0.68,0.22,0,215,107,34,32,31,484,10,11,148,16,39.9,3.48,1770,0.33,5.5,NA,NA,NA,1,15.83,16.06,19,19,1,1,0,2,5,1,13,2,1,1,0.4,0.4,0.4,0.4,0.4,0.4,11,1,0,1,0,7,2,22,1,0,0,0,0,0,0,0,1,1,1,1,0,1,0,1,0,0,0,0
42,1,4,38.5,NA,-44922,NA,NA,-44922,NA,NA,2,12.7,11.56,0.61,0.22,18.9508196721311,0,126,129,9.39,8.43,0.42,0.53,0,93,101,29,16,43,211,7,5.28,163,14,45,4,2850,183,189,NA,NA,NA,0,10.92,12.7,7,12,0,1,2,2,5,1,3,2,1,1,0.2,0.2,0.2,0.2,0.2,0.2,10,1,14,1,1,16,1,15,NA,NA,NA,NA,NA,NA,NA,NA,NA,1,1,0,0,1,1,0,1,0,0,0
43,0,4,NA,NA,2,5,25,-44934,NA,NA,NA,17.43,14.97,0.7,1.7,21.3857142857143,0.001,148,117,43,0.968,0.67,0.72,0,47,68,35.89,12,47,115,15.4,15.13,396,13.6,33,4.9,1110,0.32,50.8,NA,NA,NA,-1,13.36,11.8,5,5,0,1,4,2,3,1,5,2,1,1,0.4,0.3,0.3,2,NA,NA,4,3,5,0,1,6,1,5,1,0,0,0,0,1,0,1,0,1,1,0,0,1,0,0,0,1,0,0
44,1,6,NA,NA,-1,5,21,8,5,25,2,15.11,14.6,0.35,0.1,41.7142857142857,0,86,94,5.91,5.57,0.21,0.13,0,32,88,28.7,102,379,2069,25.9,3.1,448,16.4,55,4,4210,15,265,NA,NA,NA,NA,NA,NA,6,6,0,0,-2,NA,NA,2,12,2,1,1,0.2,0.2,0.2,0.2,0.2,0.2,9,0,11,0,1,14,1,13,1,0,1,0,0,0,0,0,0,1,1,0,0,1,0,0,0,1,0,0
45,1,14,39.1,NA,-1,4,5,13,5,16,2,2.5,1.36,0.72,0.42,1.88888888888889,0,126,126,0.9,0.4,0.3,0.2,0,101,11,27.5,38,85,96,11.3,4.7,167,14,60,5.12,1070,0.15,19.85,NA,NA,NA,7,NA,NA,-44923,7,1,1,9,2,4,2,7,2,1,1,0.6,0.3,0.3,0.3,0.3,0.3,13,0,8,1,1,8,1,19,1,1,0,0,0,0,0,0,0,1,1,0,0,0,0,1,0,0,0,0
46,1,3,NA,NA,-44924,NA,NA,-44924,NA,NA,2,19.31,18.82,0.16,0.31,117.625,0,140,109,12.1,11.8,0.1,0,0.002,91,83,23,32,32,278,8,7.4,115,14.9,32,6.8,11040,31.7,238,NA,NA,NA,-1,13.68,12.75,6,14,0,1,6,2,5,2,6,2,1,1,0.8,0.8,NA,NA,NA,NA,14,2,17,1,1,17,1,17,1,0,0,0,0,0,0,0,1,1,1,0,0,1,0,0,0,1,0,0
47,1,8,NA,NA,-1,5,15,-44921,NA,NA,1,4.27,3.37,0.43,0.42,7.83720930232558,0.012,63,115,16.1,15.4,0.1,0.6,0,74,108,37,26,66,275,22,9.38,146,29.9,51.9,5.37,2700,1.05,169,96.2,1.4,-3.2,-1,16.89,16.37,-44921,-1,0,1,2,2,5,1,4,2,1,0,NA,NA,NA,NA,NA,NA,NA,0,6,0,1,6,1,7,0,0,1,0,0,0,0,0,0,NA,NA,NA,NA,NA,NA,0,1,0,0,0
48,0,5,37.4,NA,1,4,20,9,5,24,2,5.4,4.5,0.45,0.46,10,0,117,53,9.97,8.7,0.31,0.96,0,68,84,30.5,45,110,2541,10.2,16.99,1234,18,65,6.5,8700,74.89,370,126,1.8,-7.4,-2,20.13,16.79,9,17,0,1,3,2,5,1,8,0,1,1,0.4,0.4,0.4,0.4,0.4,0.4,14,0,16,0,1,18,1,20,0,0,1,0,0,0,0,1,1,1,1,0,0,0,0,1,0,0,0,0
49,1,7,38.5,NA,-1,5,22,-44923,NA,NA,2,18.12,16.59,0.59,0.91,28.1186440677966,0,226,117,65.21,60,1.77,2.55,0,85,95,29.6,15,39,291,13,5.6,646,21,59.7,8.5,12420,59.48,305,NA,NA,NA,0,12.74,12.58,7,12,0,0,0,NA,NA,2,6,2,1,1,0.6,1.2,0.6,1.2,0.6,0.6,7,0,12,0,1,12,1,12,1,0,0,1,0,1,0,0,0,1,1,0,0,1,0,0,0,1,0,0
50,0,3,40,NA,-44924,NA,NA,-44924,NA,NA,2,27.98,25.39,0.47,2.01,54.0212765957447,0,268,87,NA,NA,NA,NA,NA,NA,NA,30.25,28,144,4530,46,20.26,1427,16,40,8.9,3350,51.45,370,NA,NA,NA,-7,NA,NA,-44924,-7,0,0,7,NA,NA,0,0,0,1,1,0.2,1.8,0.7,NA,NA,NA,3,0,3,1,1,3,1,3,0,0,0,0,0,1,0,0,0,1,1,0,0,0,0,0,0,1,0,0
51,1,7,NA,NA,-44927,NA,NA,-44927,NA,NA,2,5.59,3.1,0.2,2.27,15.5,0,59,123,18.49,13,0.17,5.26,0.001,25,75,37.7,35,175,3374,14,4.35,917,14.9,47.5,7.39,2070,7.41,306.6,95,2.3,NA,1,11.6,13.1,3,3,0,1,8,1,5,NA,7,2,1,1,0.4,0.4,NA,NA,NA,NA,2,0,6,0,1,6,1,8,1,0,1,0,0,1,0,0,0,1,1,0,0,1,1,0,1,0,0,0
52,1,4,36.2,NA,-44924,NA,NA,-44924,NA,NA,2,11.5,10.15,0.87,0.46,11.6666666666667,0.001,200,147,NA,NA,NA,NA,NA,NA,NA,35.5,18,68,1630,42.7,11.39,352.96,43.9,180,3.08,20000,200,187.57,NA,NA,NA,NA,NA,NA,-44924,2,0,0,-2,NA,NA,2,4,2,1,1,0.2,0.2,1.9,1.2,NA,NA,4,0,4,0,1,4,1,4,0,0,1,0,0,0,0,0,0,NA,NA,NA,NA,NA,NA,0,0,1,0,0
53,1,5,37.9,NA,7,5,25,-44928,NA,NA,2,12.29,11.32,0.29,0.67,39.0344827586207,0,249,111,9.47,0.95,0.09,0.34,0,75,70,27.28,192,326,235,26.1,10.5,145,19.2,37,2.98,20000,1,125.6,NA,NA,NA,NA,NA,NA,5,8,1,0,16,0,0,2,8,2,1,1,0.3,0.3,0.6,0.6,0.6,0.6,7,0,10,0,1,10,1,10,1,1,1,0,0,0,0,0,0,1,1,0,0,1,0,0,0,1,0,0
54,1,6,38.5,NA,2,5,17,7,5,25,2,8.85,6.75,1.26,0.77,5.35714285714286,0.006,132,114,13.49,11.43,0.69,1.01,0.022,155,94,33.94,25,41,331,14,6.05,113,12.6,33,5.34,4470,0.13,84.6,106.8,1.3,0.1,-3,7.96,10.27,0,0,0,1,6,1,5,0,NA,2,1,1,0.4,0.4,0.4,0.4,0.4,NA,5,0,5,0,1,5,1,12,1,0,1,0,0,0,0,0,0,1,1,1,0,0,0,1,0,0,0,0
55,1,6,39,NA,-1,5,20,-44928,NA,NA,2,22.25,20.94,0.26,1.02,80.5384615384615,0,361,82,41.5,40.1,0.3,1,0,430,98,30.6,30,50,613,8.8,7.57,424,16,38.8,8.28,1060,13.19,291,NA,NA,NA,1,12.27,14.33,5,5,0,1,1,1,6,2,4,0,1,1,0.4,0.4,0.4,0.4,0.4,0.4,7,0,0,0,1,7,1,8,1,0,1,0,0,0,0,0,0,1,1,0,0,0,0,0,1,0,0,0
56,1,10,38.9,1,0,5,9,7,5,14,2,11.2,10.36,0.38,0.52,27.2631578947368,0,103,146,9.4,0.834,0.7,0.85,0.01,105,88,34,50,60,496,14.8,5.48,118,14.6,45.3,5.1,1800,1.56,113,122,1,NA,-1,19.19,17.63,3,3,0,1,1,2,7,0,NA,0,1,1,0.4,0.4,0.4,0.4,0.4,0.4,8,0,6,1,1,7,1,8,1,1,1,0,1,0,0,0,0,1,1,0,0,1,1,0,1,1,0,0
57,1,6,38.5,5,-1,4,4,3,4,13,2,6.12,4.98,0.81,0.29,6.14814814814815,0.03,124,126,7.78,6.52,0.74,0.41,0.09,132,123,33.56,13,33,72,9.6,1.6,50.33,12.3,38,5.06,920,0.05,106.8,239,1.1,1.1,2,25.16,25.18,4,4,0,1,9,2,1,2,1,0,1,0,NA,NA,NA,NA,NA,NA,NA,0,5,1,1,5,1,8,1,0,0,0,0,0,1,0,0,1,1,0,0,0,0,0,0,1,0,0
58,1,5,37.5,2,1,5,20,6,5,5,1,18.14,15.33,0.66,2.1,23.2272727272727,0,151,58,9.85,8.46,0.31,1.02,0.02,86,83,35.85,53,62,845,12.8,12.94,95.86,15.9,33.8,5.45,2040,3.85,71,147,1.1,-1.7,1,12.96,11.81,4,9,0,0,10,NA,NA,2,6,1,1,1,0.3,0.3,0.3,0.4,0.4,0.4,10,0,5,0,0,5,2,11,1,0,0,0,0,0,0,1,1,1,1,1,0,0,0,0,1,1,0,0
59,1,5,37.4,6,8,5,9,17,5,10,2,10.4,9.14,0.65,0.51,14.0615384615385,0.01,132,131,9.49,8.38,0.55,0.25,0.29,32,91,33.88,5,14,256,12.1,27.8,85.15,18.2,35.3,5.03,11390,2.75,57.1,NA,NA,NA,0,18.11,15.45,9,25,1,1,10,2,5,NA,8,0,1,0,NA,NA,NA,NA,NA,NA,NA,4,41,0,1,41,1,41,1,0,0,0,0,0,1,0,0,0,0,0,1,0,0,0,0,1,0,0
60,1,5,39,2,3,5,8,-44920,NA,NA,NA,14.88,13.84,0.43,0.6,32.1860465116279,0,191,145,12,11.46,0.35,0.18,0,25,49,30.81,11,42,56,13.1,4.82,83.61,14.8,44.3,4.94,8900,1,68.4,186,2.3,11,-44920,NA,NA,-44920,NA,NA,1,1,1,2,0,NA,0,1,1,NA,NA,NA,NA,0.3,0.3,2,1,4,0,1,7,1,5,1,0,0,1,0,0,0,0,0,1,1,0,0,0,0,0,0,1,0,0
61,1,7,37.5,1,0,5,15,-44927,NA,NA,2,5.36,4.78,0.43,0.14,11.1162790697674,0,151,121,14.28,13.8,0.35,0.08,0,41,103,24.68,25,63,383,9.1,2.3,359.95,17.1,51.3,6.43,3970,45.23,281.5,76.1,2.4,-1.7,0,8.42,10.4,3,3,0,1,0,2,4,1,2,0,1,1,0.3,0.6,0.6,0.3,NA,NA,4,0,5,0,1,4,1,4,0,0,1,0,0,1,0,0,1,1,0,0,0,0,0,0,0,1,0,0
62,1,4,39.5,7,0,5,9,5,5,11,2,5.03,4.23,0.59,0.19,7.16949152542373,0,97,114,5.94,4.72,0.9,0.25,0.06,92,108,34.1,54,183,6422,9.7,6.12,481.31,15.6,56,9.6,2030,150.6,370,217,0.8,-4.2,0,17.22,14.67,NA,6,0,0,7,NA,NA,1,1,0,1,1,NA,0.4,0.8,0.8,0.8,NA,4,0,8,0,1,6,1,6,1,1,0,0,0,0,0,0,0,0,1,0,0,0,0,0,1,1,0,0
63,0,9,38.6,4,1,5,8,-44924,NA,NA,NA,16.21,13.8,1.29,1.06,10.6976744186047,0.01,68,79,NA,NA,NA,NA,NA,NA,NA,25.5,17,85,43,9.3,15.69,474.54,16.8,42.3,5.64,7080,5.02,201,248,1.9,-4.5,0,5.07,12.02,-44924,0,0,1,9,2,2,1,1,0,1,1,NA,NA,0.8,0.4,NA,NA,2,0,6,0,1,4,1,4,1,0,0,0,1,0,0,0,1,1,1,0,0,0,0,0,0,1,0,0
64,0,4,38,5,1,5,12,-44919,NA,NA,2,9.99,9,0.51,0.45,17.6470588235294,0,194,141,3.6,3.2,0.3,0.1,0,56,127,30.42,235,424,36,16.3,8.3,100.86,16.3,39,7.78,2090,5.67,272.6,144,1.6,4.9,0,17.48,19.29,1,7,0,2,0,2,5,2,1,0,1,1,NA,NA,NA,NA,NA,0.4,2,0,5,1,1,10,1,6,1,1,0,1,0,0,0,0,1,1,0,0,0,0,0,0,1,1,0,0
65,1,13,38.3,7,6,5,9,12,5,11,2,9.84,8.14,0.79,0.82,10.3037974683544,0.08,126,78,17.48,14.73,1.16,1.56,0.01,105,81,31.62,5,43,98,9.6,6.26,420.1,15,41.4,4.21,2180,4.09,209.2,266,1,-3.4,-8,10.03,14.2,7,13,0,0,8,NA,NA,0,NA,0,1,0,NA,NA,NA,NA,NA,NA,NA,1,18,0,1,19,1,19,0,0,0,1,1,1,1,0,1,1,1,0,0,0,0,0,1,1,0,0
66,1,7,38.5,0,0,5,13,7,5,22,2,11.57,10.73,0.25,0.58,42.92,0,174,136,18.58,17.98,0.25,0.33,0,106,116,28.56,15,37,94,10,6.61,111.47,13.4,31.2,4.67,1040,0.07,59,139,1.2,0.2,2,18.56,21.26,8,11,0,1,0,1,5,1,4,1,1,1,NA,NA,0.4,0.4,0.4,0.8,8,0,7,0,1,6,1,12,0,0,0,0,0,1,0,0,1,1,1,0,0,0,1,0,0,1,0,0
67,0,3,NA,7,-1,5,22,12,5,5,1,5.07,4.43,0.48,0.13,9.22916666666667,0.02,29,77,17.68,15.36,0.94,1.33,0.03,247,72,33.86,482,3900,1063,17,10.19,134.12,16.3,53.8,5.24,10620,13.38,330.8,290,1.7,-0.6,2,8.41,17.44,5,11,1,1,0,2,2,2,5,0,1,1,NA,NA,NA,0.3,0.6,0.6,9,0,7,0,1,12,2,18,0,1,0,0,0,0,0,0,0,1,1,0,0,1,0,0,0,1,0,0
68,1,3,NA,6,1,5,7,11,5,7,2,12.31,10.64,0.86,0.79,12.3720930232558,0.01,140,92,6.36,4.76,1.05,0.49,0.05,112,85,31.07,25,39,228,17,8.74,59.41,14.9,39,3.88,14240,0.07,82.2,270,1.4,3.1,5,25.04,26.72,8,10,1,0,11,NA,NA,2,2,0,1,0,NA,NA,NA,NA,NA,NA,NA,0,8,0,0,10,2,12,1,0,0,0,0,0,0,0,1,1,1,0,0,0,0,0,0,1,0,0
69,1,5,38.2,0,1,5,10,19,5,8,1,6.9,6.18,0.23,0.48,26.8695652173913,0.01,92,124,9.84,9.4,0.27,0.16,0,177,118,27.07,19,30,77,15.6,9.29,47.61,15.2,35.3,8.05,1160,18.28,370,196,1.8,0.3,6,17.12,21.09,-44924,6,0,1,1,2,6,1,4,0,1,0,NA,NA,NA,NA,NA,NA,NA,0,NA,1,0,7,2,36,0,1,0,0,0,0,0,0,1,1,1,0,0,0,0,0,1,0,0,0
70,1,4,38.8,3,4,5,19,12,5,14,1,16.86,16.09,0.43,0.32,37.4186046511628,0,459,135,19.32,18.62,0.18,0.5,0,483,117,31.9,112,45,132,9.5,14.83,61.6,14,38.8,10.37,620,1.08,0.5,111,2.7,4.6,0,24.38,22.54,4,9,1,1,1,1,9,1,5,2,1,1,0.4,0.4,0.4,0.4,0.4,0.4,20,0,NA,1,0,14,2,27,1,1,0,0,0,0,0,0,0,1,1,0,0,0,0,0,1,0,0,0
71,1,5,38.6,7,1,3,10,11,5,10,1,13.21,12.46,0.49,0.25,25.4285714285714,0,139,106,12.56,11.84,0.32,0.39,0,168,86,27.85,10,34,767,14.3,18.99,193.98,15.1,51.8,5.92,2960,39.82,269,71,1.7,1.3,1,18.98,17.76,4,21,1,1,-1,2,5,NA,NA,2,1,1,NA,0.3,0.3,NA,NA,NA,5,4,10,1,1,32,2,32,0,1,0,0,0,0,0,0,1,1,1,0,0,1,0,0,1,1,0,0
72,1,6,39.8,3,0,4,10,9,4,9,1,4.47,4.05,0.35,0.07,11.5714285714286,0,19,66,14.69,14.2,0.19,0.29,0,68,70,27.37,34,117,3818,12.7,11.72,220.3,19,62.7,4.75,980,0.41,13.6,NA,NA,NA,0,6.71,3.46,5,5,0,1,2,2,5,2,4,2,1,0,NA,NA,NA,NA,NA,NA,NA,0,18,1,1,20,1,22,1,0,1,0,0,0,0,0,1,1,1,0,0,0,0,0,0,1,0,0
73,1,6,39,7,-2,5,9,3,4,9,2,7.81,6.78,0.82,0.15,8.26829268292683,0.05,90,118,5.47,4.47,0.84,0.13,0.03,75,77,36.7,19,38,407,7.3,12.16,126.63,17.5,45.9,4.68,1170,1.95,130.3,244,1.2,0.9,1,20.15,17.14,6,10,1,0,0,NA,NA,0,NA,0,1,1,0.8,0.8,0.8,0.8,0.8,0.4,6,0,21,1,1,21,1,19,1,1,1,0,1,0,0,0,0,1,1,0,0,0,0,0,0,1,0,0
74,1,6,39,7,0,5,15,4,5,18,2,7.28,5.82,0.99,0.44,5.87878787878788,0.01,228,131,11.73,10.55,0.48,0.68,0,218,104,30.7,86,101,125,13.7,13.34,142.11,14.4,37.6,5.28,1480,0.05,105.5,NA,NA,NA,1,14.52,16.02,-44925,1,0,1,-1,1,5,NA,7,0,1,1,NA,NA,NA,0.3,NA,NA,6,0,9,1,1,11,1,11,0,0,1,0,1,0,0,0,0,1,0,0,0,1,0,0,1,1,0,0
75,1,6,38,6,NA,NA,NA,-44925,NA,NA,2,20.54,19.23,1.05,0.23,18.3142857142857,0,174,99,14.44,13.13,0.54,0.69,0.02,48,70,24.4,20,16,69,8.7,18.02,164.53,14.6,41.9,7.68,2910,2.05,180.8,NA,NA,NA,1,12.92,12.21,2,5,0,1,10,2,5,2,7,0,1,1,NA,0.2,NA,0.2,0.1,NA,5,0,10,0,1,10,1,10,1,1,0,0,0,0,0,0,1,1,1,0,1,0,0,0,0,1,0,0
76,1,7,38.6,5,-1,2,2,8,3,5,2,9.5,8.4,0.8,0.2,10.5,0,181,147,5.58,4.74,0.36,0.46,0,132,97,31.1,10,26,246,8.2,7.63,50.74,13.7,53.7,4.83,2610,0.67,103.3,NA,NA,NA,1,15.58,18.21,9,15,0,1,-1,1,5,2,11,2,1,1,NA,NA,0.3,0.6,0.6,0.6,6,0,11,0,1,12,2,20,1,1,0,0,1,0,0,0,0,1,1,0,0,0,0,0,0,1,0,0
77,1,3,NA,4,-1,5,25,15,5,13,1,14.46,13.34,0.55,0.56,24.2545454545455,0,153,136,19.46,18.32,0.44,0.68,0,61,132,30.05,3846,1896,394,57.6,7.84,206.97,20.4,36.1,2.56,20000,4.26,24.5,NA,NA,NA,-1,26.31,25.73,1,10,1,1,5,2,5,0,NA,0,1,1,NA,0.6,0.6,0.6,0.6,0.4,6,1,3,0,0,3,1,17,1,0,1,0,0,0,0,0,0,0,1,0,0,0,0,0,0,0,1,0
78,1,5,39,1,0,5,16,6,5,9,1,15.05,14.04,0.35,0.63,40.1142857142857,0.01,41,124,19.88,18.88,0.46,0.51,0,170,115,30.36,42,35,103,10.3,8.98,105.47,16.4,40,6.44,1300,0.45,126.7,NA,NA,NA,1,22.28,25.27,-44929,6,1,1,5,1,8,2,11,2,1,1,0.3,0.6,0.6,0.6,0.6,0.6,11,0,4,0,0,3,2,3,1,0,1,1,0,0,0,0,1,1,1,0,0,0,1,0,0,0,1,0
79,1,2,39,6,1,3,5,11,4,11,2,8.09,6.92,0.63,0.54,10.984126984127,0,158,147,8.63,7.41,0.74,0.47,0,133,83,32.43,22,54,814,12,10.64,100.4,12.9,28.9,5.03,820,0.48,43.5,NA,NA,NA,1,9.77,12.16,5,20,1,2,1,2,3,2,4,0,1,1,NA,0.3,0.6,0.7,0.8,0.8,7,0,8,0,1,NA,2,35,1,0,0,0,0,0,0,0,1,1,1,0,0,0,0,0,0,1,0,0
80,1,6,NA,7,0,5,8,9,5,9,2,13.99,13.33,0.28,0.37,47.6071428571429,0,313,110,12.03,11.05,0.42,0.55,0,194,90,25.85,26,52,1217,49.7,8.07,92.55,15,38.1,4.36,2600,0.33,44.9,NA,NA,NA,0,20.1,23,6,6,0,2,0,2,7,0,NA,0,1,1,NA,NA,NA,NA,NA,NA,13,0,15,0,0,15,1,15,0,0,0,1,1,0,0,0,0,0,1,0,0,0,0,0,0,1,0,0
81,1,4,38,4,-2,5,16,13,5,25,2,10.55,9.82,0.46,0.25,21.3478260869565,0,155,129,13.34,12.61,0.42,0.29,0,56,107,29.5,39,19,43,11,12.55,86.65,15.3,34.1,2.94,13220,0.05,35,NA,NA,NA,-2,23.67,23.5,0,9,1,1,0,1,5,2,4,0,1,1,0.4,0.4,0.4,0.4,0.4,0.4,8,0,25,1,1,25,1,25,1,0,0,0,0,0,0,0,1,1,1,0,0,0,0,0,0,1,0,0
82,1,8,39,6,0,4,10,5,5,13,2,6.66,5.97,0.44,0.21,13.5681818181818,0,126,161,16.92,16.33,0.13,0.44,0,39,138,31.87,21,54,909,9.2,25.97,142.06,15.2,47,7.77,4160,29.86,133.8,124,3.5,-6.4,-1,0.4,9.1,1,6,0,1,6,2,6,1,1,0,1,1,NA,0.4,0.4,0.4,0.4,0.4,7,0,7,0,1,7,1,7,0,1,0,1,0,0,0,0,1,1,1,0,0,0,0,0,0,0,1,0
83,1,4,39.8,7,0,5,9,-44913,NA,NA,2,5.41,4.59,0.61,0.21,7.52459016393443,0,194,124,16.29,15.53,0.6,0.11,0,88,110,28.8,41,102,6142,11.1,8.91,102.2,16.4,49,10.47,5640,1.93,292.5,193,2,-3.2,0,19.65,18.67,3,9,0,1,5,2,5,1,3,0,1,1,NA,NA,NA,NA,NA,NA,6,0,10,0,1,9,1,10,1,1,0,0,1,0,0,0,0,0,1,0,0,0,0,0,0,1,0,0
84,1,4,40,7,-3,5,12,-44913,NA,NA,2,15.22,14.5,0.39,0.27,37.1794871794872,0.01,89,122,10.35,9.86,0.3,0.19,0,36,92,27.08,70,229,956,18,6.72,236.12,18.5,94.1,7.07,17930,187.46,370,190,2,1.9,0,11.81,11.41,2,32,0,1,1,2,2,1,3,0,1,1,NA,NA,NA,NA,NA,NA,2,0,10,0,1,10,1,10,0,0,0,0,1,0,0,0,1,1,0,0,0,0,0,0,0,1,0,0
85,0,6,NA,0,3,5,25,-44936,NA,NA,NA,19.42,18.52,0.34,0.55,54.4705882352941,0,145,115,7.73,7.06,0.39,0.2,0,12,99,27.16,13,22,53,10.8,20.88,533.71,46.6,180,5.78,11000,74.24,370,NA,NA,NA,0,18.56,19.27,-44936,0,0,0,0,NA,NA,1,5,1,1,1,NA,NA,NA,NA,NA,NA,5,0,6,0,1,5,1,5,1,1,1,0,0,0,0,0,1,1,1,0,1,0,0,0,0,1,0,0
86,1,5,37.8,6,0,5,13,12,5,7,1,3.68,2.24,0.96,0.46,2.33333333333333,0.01,53,86,3.83,2.6,0.73,0.28,0.22,45,73,33.6,10,32,45,25.6,7.69,65.49,13.7,52.8,4.74,1260,0.07,9.3,110,1,-1.7,0,11.77,10.04,3,7,0,1,4,2,7,0,NA,0,1,1,0.8,0.8,0.8,0.7,NA,NA,4,0,30,0,1,32,1,33,0,0,1,0,0,0,0,0,1,1,1,0,0,0,0,0,1,0,0,0
87,1,4,38.6,5,3,5,13,12,5,12,2,9.43,8.85,0.42,0.15,21.0714285714286,0,256,81,4.13,3.4,0.52,0.21,0,174,72,23.13,127,197,88,6.2,5.77,123.74,13.4,36.8,4.05,3970,87.51,291.8,60.6,1.3,0.7,0,18.79,18.75,4,15,1,1,4,2,5,0,NA,1,1,1,NA,NA,NA,NA,0.4,0.8,15,0,21,0,1,21,1,21,1,0,0,0,0,0,0,0,0,1,1,0,0,1,0,0,0,1,0,0
88,1,5,NA,0,2,5,24,9,5,25,1,15.2,8.83,0.67,5.54,13.1791044776119,0.03,164,122,16.55,14.28,0.39,1.81,0,101,99,37.13,33,114,1505,5.4,8.57,210.11,13.5,29.4,4.98,2150,0.46,149.8,48.7,1.3,3.9,0,21.14,20.27,3,10,0,1,0,2,6,NA,5,1,1,1,0.4,0.8,0.9,1,1,1,18,0,18,1,1,18,1,18,1,1,0,0,0,0,0,0,1,0,1,0,0,0,0,0,0,1,0,0
89,1,5,39.2,5,0,5,5,11,5,20,2,10.45,8.53,1.22,0.57,6.99180327868852,0.07,143,107,4.78,3.82,0.72,0.22,0,111,104,33.56,15,40,834,8.2,6.83,169.32,13.2,41.7,5.21,2840,2.69,179.2,NA,NA,NA,-2,12.69,13.8,-1,13,0,0,2,NA,NA,2,7,0,1,1,NA,0.3,0.6,0.6,0.6,0.6,8,0,NA,0,1,14,1,13,1,0,1,0,0,0,0,0,0,1,1,0,0,0,0,0,1,0,0,0
90,1,4,38.5,2,1,5,12,13,5,13,2,12.25,10.27,1.7,0.27,6.04117647058824,0,106,112,8.12,6.77,0.81,0.52,0.01,74,84,20.3,11,38,46,6,5.71,38.79,13.5,59.5,2.18,2810,0.07,141.2,166,1.6,-1.9,2,16.73,15.55,6,24,1,1,2,2,10,0,NA,0,1,1,NA,NA,0.4,0.4,0.4,0.4,4,0,33,0,1,NA,2,51,0,0,0,0,0,0,0,0,1,1,1,0,0,0,0,0,0,1,0,0
91,0,1,37,1,1,5,14,7,5,11,2,16.98,13.76,2.29,0.8,6.00873362445415,0.07,327,124,22.9,20.74,1.1,1.01,0,219,118,31,92,53,79,18.4,5.58,64.23,14.4,29.7,3.46,1150,0.17,17.4,130,1.4,2.7,0,23.67,24.3,2,15,1,1,0,2,9,1,4,0,1,1,0.6,0.6,0.6,0.4,0.4,0.4,21,0,13,0,0,16,1,20,0,0,0,0,0,0,0,0,1,1,1,0,0,0,0,0,0,1,0,0
92,0,0,36.9,3,-1,4,9,15,5,7,1,12.83,10.51,1.56,0.75,6.73717948717949,0,285,115,14.61,11.95,1.61,1.04,0,438,102,32.45,32,46,652,8.7,8.75,51.29,14.5,40,6.39,1220,0.17,61.6,426,1.7,6.3,0,9.82,10.66,2,18,1,1,0,2,5,1,3,0,1,1,0.6,0.6,0.6,0.6,0.6,0.6,17,0,14,0,0,14,2,19,NA,NA,NA,NA,NA,NA,NA,NA,NA,1,0,0,0,1,0,0,0,1,0,0
93,1,4,36.1,3,-1,5,25,NA,5,NA,2,10.15,7.52,1.21,1.39,6.21487603305785,0.01,292,162,19.26,16.68,1.07,1.47,0,219,145,35.75,57,108,501,25.2,10.04,140.1,14.5,35.5,5.26,2210,0.17,69.9,134,1.2,-3.3,-1,20.24,21.6,3,3,0,1,2,1,3,NA,NA,0,1,1,NA,0.6,0.6,0.6,NA,NA,3,0,5,0,0,0,1,4,NA,NA,NA,NA,NA,NA,NA,NA,NA,1,1,0,0,1,0,0,0,0,1,0
94,1,5,36.1,0,3,5,17,NA,5,NA,2,17.37,15.68,0.75,0.92,20.9066666666667,0,121,120,14.51,13.56,0.34,0.6,0,91,74,28.94,21,64,932,20.8,5.6,266.89,16.6,40.9,4.06,2860,5.27,132.7,156,3,-11.2,0,18.49,17.27,5,8,0,0,1,NA,NA,NA,NA,0,1,1,NA,NA,NA,NA,NA,NA,3,0,3,0,1,6,1,8,1,0,1,1,0,0,0,0,0,1,1,0,0,0,0,0,1,0,0,0
95,1,5,36.2,1,-1,4,11,NA,5,NA,2,10.61,9.86,0.38,0.36,25.9473684210526,0,180,123,9.6,9.1,0.2,0.3,0,228,103,30.73,26,27,125,7.9,9.43,185.61,13.2,36.1,4.88,1760,8.31,62.7,104.3,1.6,-7.1,1,22.7,21.15,NA,1,0,2,3,1,6,2,9,2,1,1,NA,0.4,0.4,0.4,0.4,0.4,9,0,1,0,0,0,1,9,1,1,1,1,0,0,0,0,0,1,1,0,0,0,0,1,0,0,0,0
96,1,4,38.3,1,0,4,4,8,2,2,1,7.95,6.82,0.34,0.74,20.0588235294118,0.03,77,155,12.07,9.56,1.25,1.14,0.09,88,175,39.72,21,18,26,17.7,5.88,105.42,12.9,30.6,2.96,340,0.05,0.84,171.5,1.2,4,-1,14.7,14.25,0,12,0,1,2,1,7,NA,NA,0,1,0,NA,NA,NA,NA,NA,NA,NA,0,0,0,0,0,2,9,1,1,0,1,0,0,0,1,0,1,0,0,0,0,0,1,0,0,0,0
97,1,6,38.7,4,3,5,17,NA,NA,NA,NA,17.64,10.15,1.57,5.9,6.46496815286624,0.01,45,55,38.7,18,6.5,14.2,0,33,64,28.52,6,18,25,17.2,14,50.66,16.2,41,6.73,1730,0.64,106.97,254,3.4,5.1,0,10.15,11.63,-44914,0,0,1,2,1,2,0,NA,NA,1,1,0.4,0.4,NA,NA,NA,NA,6,0,0,0,0,0,2,4,0,1,0,0,0,0,1,0,1,1,0,0,0,0,1,0,1,0,0,0
98,1,9,39.2,5,-1,5,17,NA,NA,NA,2,11.53,10.84,0.38,0.29,28.5263157894737,0,103,98,6.12,5.74,0.16,0.21,0,51,73,22.45,9,34,345,7.5,10.09,378.19,16.1,52,4.23,11960,35.24,220.49,223,1.7,-6.9,1,15.11,12.56,2,2,0,2,2,2,8,1,NA,0,1,1,0.2,0.2,NA,NA,NA,NA,2,0,0,0,1,0,1,10,1,1,0,0,1,0,0,1,1,1,1,0,0,1,0,1,0,0,0,0
99,1,3,38.4,2,1,3,13,6,2,6,1,8.22,4.24,0.66,0.69,6.42424242424242,0.01,222,131,5.86,4.4,0.8,0.56,0.09,278,101,38.41,22,37,457,8.8,7.87,82.14,13.1,41.5,4.46,1110,0.05,17,107,0.9,2.2,NA,NA,NA,9,9,0,1,1,1,5,0,NA,0,1,0,NA,NA,NA,NA,NA,NA,0,0,0,0,0,0,2,12,0,0,1,0,0,0,0,0,0,1,1,1,0,0,0,0,1,0,0,0
100,1,4,38.9,3,-3,5,17,NA,NA,NA,NA,8.07,6.96,0.72,0.38,9.66666666666667,0,171,112,NA,NA,NA,NA,NA,NA,NA,34.06,418,136,327,27.7,10.76,114.47,14.7,38.7,5.87,1720,48.9,42.77,168,202,-2.1,NA,NA,NA,NA,0,0,0,3,NA,NA,0,NA,0,1,1,0.6,0.6,NA,NA,NA,NA,2,0,0,0,1,0,1,2,1,0,1,0,1,0,0,0,0,0,1,0,0,0,1,1,0,0,0,0
101,1,5,36.8,2,NA,NA,NA,NA,NA,NA,1,13.03,11.78,0.38,0.85,31,0.01,184,126,15.7,14.81,0.24,0.63,0,122,108,32.8,13,38,36,51,5.73,110.48,14.3,39.7,4.45,5620,0.81,160.63,372,2.4,0.6,0,11.75,9.91,NA,0,0,1,0,1,5,1,4,0,1,1,NA,NA,NA,NA,NA,NA,3,0,4,0,1,0,1,7,1,0,1,1,0,0,0,0,0,1,1,0,0,0,0,0,0,0,1,0
102,1,4,36.5,0,2,5,24,10,5,24,2,8.1,7.51,0.29,0.27,25.8965517241379,0.03,185,124,9.77,9.44,0.14,0.19,0,193,117,31.7,22,25,57,13.6,5.65,114.53,13.7,34.7,5.4,590,0.11,53.2,231,1.6,5.9,-1,11.75,9.98,11,11,0,1,4,1,6,1,NA,0,1,1,NA,NA,NA,NA,0.6,0.6,13,0,0,0,0,0,2,13,1,0,0,0,0,0,0,1,0,1,1,0,0,0,0,1,0,0,0,0
103,1,4,36.5,0,-1,5,17,4,5,16,2,6.51,4.61,1.34,0.54,3.44029850746269,0.01,307,133,7.06,5.28,1.19,0.51,0.06,444,132,34,41,69,196,13.8,6.97,99.63,13.9,39,4.97,830,97.02,0.2,239,1,2.3,NA,NA,NA,NA,-2,1,0,10,NA,NA,1,2,0,1,0,NA,NA,NA,NA,NA,NA,0,0,0,0,0,0,2,6,1,0,0,0,0,0,0,0,0,1,1,0,1,1,0,1,0,0,0,0
104,1,3,36.9,0,0,2,10,9,2,1,2,7.55,6.64,0.73,0.17,9.0958904109589,0,176,122,5.16,2.06,2.19,0.83,0.06,286,125,38.73,22,42,296,8.3,12.21,70.95,12.9,38.9,4.99,1680,0.73,113.63,291,2.1,-0.9,NA,NA,NA,9,9,0,1,3,1,6,0,NA,0,1,0,NA,NA,NA,NA,NA,NA,0,0,0,0,0,0,2,10,0,0,0,0,0,0,0,0,1,1,1,0,0,0,0,1,0,0,0,0
105,1,4,38.4,2,3,5,20,9,5,17,2,8.69,8.13,0.3,0.25,27.1,0,183,122,7.22,6.22,0.073,0.062,0.001,216,111,28.7,21,35,317,10.6,8.25,79.5,12.9,45.1,7.82,2290,6.32,124.08,174,1.6,3.6,0,13.15,14.55,NA,0,0,1,6,1,NA,0,NA,0,1,1,NA,NA,NA,NA,0.4,0.4,9,0,0,0,0,2,2,12,NA,NA,NA,NA,NA,NA,NA,NA,NA,1,0,0,0,1,0,1,0,0,0,0
106,1,6,36.9,5,0,4,11,8,4,11,1,9.87,8.88,0.53,0.44,16.7547169811321,0,160,153,6.98,5.67,0.83,0.47,0,232,136,35.11,30,75,355,17.2,9.84,126.65,15,40.2,7.35,1160,6.59,122.6,143,2.3,1.4,1,19.06,17,7,7,0,1,-1,1,6,1,5,0,1,1,0.4,0.4,0.4,0.4,0.4,0.4,9,0,0,0,1,0,1,8,1,0,0,0,1,0,0,0,0,1,1,0,0,0,0,0,1,0,0,0
107,1,3,36.2,NA,-1,5,18,5,5,15,1,7.7,5.83,1.13,0.7,5.15929203539823,0.03,300,135,9.27,7.94,0.61,0.7,0,415,128,36,42,45,161,18.5,7.47,57.79,15.3,37.5,7.24,870,0.05,89.4,382,1.9,97.2,NA,NA,NA,NA,0,0,1,0,1,5,1,7,0,1,1,NA,0.4,0.4,0.4,0.4,0.4,6,0,0,0,0,0,2,6,1,0,1,0,0,0,0,0,0,1,1,1,0,0,0,1,0,0,0,0
108,1,5,37,NA,0,4,9,7,4,6,1,8.46,5.86,1.24,1.33,4.7258064516129,0.02,288,119,7.67,5.14,1.2,1.29,0.03,248,112,28.8,29,28,114,8.5,7.89,262.08,15.2,44.7,6.77,1240,0.42,74,284,0.7,-5.8,NA,NA,NA,NA,6,1,0,0,NA,NA,0,NA,0,1,1,0.6,0.6,0.6,0.6,0.6,0.6,9,0,0,0,0,0,2,8,1,0,0,0,1,0,0,0,0,1,1,0,0,1,0,1,0,0,0,0
109,1,3,37,0,NA,NA,NA,-44925,NA,NA,2,14.72,13.4,0.82,0.48,16.3414634146341,0,288,123,17.8,17.3,0.3,0.2,0,239,120,29,23,24,160,13.8,14.63,116.5,14.6,31.3,6.31,2150,0.5,106.95,178,5,-6,0,18.21,19.42,NA,0,0,1,1,1,6,1,8,0,1,1,0.8,0.8,0.8,0.8,0.8,0.8,8,0,0,0,0,0,1,7,1,1,1,0,0,0,0,0,0,1,1,0,0,0,0,0,1,0,0,0
110,1,5,36.7,0,4,4,11,11,4,11,2,10.77,7.17,2.15,1.17,3.3348837209302298,0.22,461,135,15.08,10.23,3.2,1.54,0.05,416,116,33.98,23,29,54,14.8,5.62,85.75,14.8,41.3,3.88,1930,0.05,11.36,287,1.7,1.4,-1,21.14,23.52,-1,5,1,2,18,1,5,1,10,0,1,1,NA,NA,NA,NA,0.4,0.4,9,0,0,0,0,0,2,12,1,0,1,0,1,0,0,0,0,1,1,0,0,0,0,1,0,0,0,0
111,0,4,37,NA,2,5,22,7,5,22,2,11.14,10.05,0.35,0.7,28.7142857142857,0.04,378,104,8.85,7.23,0.77,0.78,0.06,475,101,31.36,59,93,38,10.6,12.49,153.59,14,55.2,7.82,2410,2.77,129.27,300,1.5,-5.6,NA,NA,NA,NA,NA,NA,1,10,1,5,1,8,0,1,1,0.6,0.6,0.6,0.6,0.6,0.6,9,0,0,0,0,0,2,8,0,1,0,0,1,0,0,0,0,1,1,0,0,0,0,0,1,0,0,0
112,1,4,36.8,1,0,5,17,NA,NA,NA,2,11.6,10.53,0.59,0.43,17.8474576271186,0.01,169,194,24.32,22.79,0.86,0.62,0,97,158,36.18,16,34,638,15.5,9.95,699.05,17.7,43.6,4.21,20000,1.98,61.01,301,2.6,-2.8,1,15.92,18.06,NA,1,0,0,-1,NA,NA,2,2,0,1,0,NA,NA,NA,NA,NA,NA,0,1,2,0,1,0,1,9,NA,NA,NA,NA,NA,NA,NA,NA,NA,1,1,0,0,1,0,1,0,0,0,0
113,1,4,37.4,1,-1,4,10,6,5,11,2,4.62,3.21,0.68,0.72,4.72058823529412,0,123,145,8.53,6.61,1.45,0.44,0.01,194,144,31.9,19,33,75,9.2,8.03,75.4,12.6,45.2,5.48,800,0.05,64,196,0.7,7.3,0,17.09,15.52,5,7,0,2,2,1,7,1,11,0,1,0,NA,NA,NA,NA,NA,NA,0,0,0,0,0,0,2,10,1,0,1,1,0,0,0,0,0,1,1,0,0,0,0,1,0,0,0,0
114,1,4,36,NA,-1,5,17,4,5,16,2,9.92,8.94,0.7,0.27,12.7714285714286,0,466,124,10.34,7.48,1.89,0.57,0.36,628,163,32.16,26,25,57,8.6,13.48,63.23,15.4,40.9,8.47,1360,0.11,202.84,267.6,1.7,-0.1,0,19.23,16.59,6,6,0,1,7,1,6,2,3,0,1,1,NA,NA,NA,NA,NA,NA,2,0,0,0,0,0,2,8,1,1,1,0,0,0,1,0,0,1,0,0,0,0,0,0,1,0,0,0
115,1,4,36.8,0,-1,5,12,4,5,9,1,3.86,2.81,0.56,0.49,5.01785714285714,0,325,93,3.47,2.44,0.71,0.32,0,496,97,33.76,26,40,125,17.4,7.51,40.58,14.2,33.2,6.18,700,0.05,55,306,1.1,3.8,1,25.25,24.08,NA,5,1,1,0,1,6,2,8,0,1,1,0.4,0.4,0.4,0.4,0.4,0.4,8,0,0,0,0,0,2,7,1,0,1,0,0,0,1,0,0,1,1,0,0,0,0,0,1,0,0,0
116,1,6,36.2,NA,-2,5,21,4,5,16,1,7.13,6.45,0.58,0.09,11.1206896551724,0,283,125,7.01,6.27,0.61,0.13,0,254,126,33.58,28,33,25,7.5,24.29,82.01,14.5,31,4.72,2730,0.05,10.37,272,1.8,1.8,NA,NA,NA,NA,NA,NA,1,14,1,6,2,5,0,1,0,NA,NA,NA,NA,NA,NA,0,0,0,0,0,0,2,5,0,1,0,0,1,0,0,0,1,1,0,0,0,0,0,1,0,0,0,0
117,1,5,36.3,NA,5,3,5,-44933,NA,NA,NA,18.94,16.62,1.25,1.04,13.296,0,374,131,23.45,22.44,0.59,0.38,0,246,108,31.55,32,43,318,13.4,7.31,165.64,17.8,40.1,6.56,1290,0.24,48.9,188,2.2,-5.2,NA,NA,NA,NA,NA,NA,2,4,1,4,2,4,0,1,1,NA,0.4,0.4,0.4,0.4,NA,4,0,5,0,0,0,2,4,1,0,0,0,1,0,0,0,0,1,1,0,0,0,0,0,0,0,1,0
118,1,5,36.4,NA,4,5,18,-44935,NA,NA,NA,8.63,8.05,0.42,0.14,19.1666666666667,0.01,300,103,7.16,5.18,1.41,0.48,0.07,233,99,29.51,41,41,183,8.2,12.23,271.12,14.3,40.4,5.56,4780,0.67,34.92,258,0.7,-0.1,NA,NA,NA,NA,NA,NA,0,16,NA,NA,NA,NA,0,1,1,NA,NA,NA,NA,NA,NA,NA,0,0,0,0,NA,2,8,1,0,0,0,1,1,0,0,0,1,1,0,0,0,0,1,0,0,0,0
119,0,4,37,0,0,5,23,6,5,25,2,7.21,6.32,0.57,0.31,11.0877192982456,0,220,93,7.06,5.57,1.06,0.4,0.02,338,94,28.62,13,30,67,9.7,5.34,72.09,15.5,50.5,7.74,1450,0.29,167.2,272,2,-3.4,0,23.8,26.26,NA,7,1,2,2,1,8,1,8,0,1,1,0.2,0.2,0.2,0.2,0.2,0.2,7,0,0,1,0,0,2,7,0,0,0,0,0,0,0,1,0,1,1,0,0,0,0,1,0,0,0,0
120,1,9,38.2,3,1,4,12,7,4,15,2,7.8,6,0.7,0.9,8.57142857142857,0.2,257,118,4.07,2.57,0.56,0.4,0.52,208,122,38.25,66,55,31,25.2,5.97,126.87,13.3,43.2,6.5,4110,0.05,47.98,224,NA,NA,1,22.12,21.59,1,8,1,0,8,NA,NA,1,4,0,0,1,0.6,0.6,0.6,0.6,0.6,0.6,11,0,0,0,0,0,2,14,1,0,0,0,0,0,1,0,1,1,0,0,0,0,0,1,0,0,0,0
121,1,5,37,0,10,5,19,13,5,14,1,7.54,6.97,0.3,0.27,23.2333333333333,0,281,90,8.3,7.23,0.59,0.42,0,334,83,33.2,14,30,260,14.5,7.05,87.25,14.4,34.6,6.02,4390,14.63,284.2,220,1.5,4.9,0,8.52,3.89,10,10,0,1,6,2,6,0,0,0,0,1,0.8,0.8,0.8,0.8,0.8,0.8,NA,0,0,0,0,NA,2,49,0,0,0,0,0,0,0,0,1,1,1,0,0,1,0,0,1,0,0,0
122,1,7,36.6,NA,-2,5,18,3,5,12,1,5.63,5.17,0.29,0.17,17.8275862068966,0,156,73,6.57,6.36,0.1,0.1,0,100,47,33.47,28,47,186,10.3,22.13,656.44,13.3,42.3,5.54,1250,2.64,88.67,278,1,-10.2,-2,24.12,22.88,-44932,11,1,0,2,NA,NA,1,NA,0,1,0,0,0,0,0,0,0,0,1,0,0,0,0,2,12,1,1,0,0,0,1,0,0,0,1,1,0,0,0,0,1,0,0,0,0
123,0,2,36.6,NA,0,5,24,3,5,24,2,16.05,13.84,1.55,0.49,8.92903225806451,0.14,207,81,24.91,23.4,0.55,0.93,0,194,81,27.99,13,72,1488,14.7,5.69,1896.9,13.7,36.6,5.6,4210,4.43,538.43,123,2.1,0,0,17.32,19.2,6,20,1,0,0,NA,NA,NA,NA,0,1,1,0.4,0.4,0.4,0.4,0.4,0.4,22,NA,NA,0,1,NA,2,38,1,0,0,0,0,1,0,1,0,1,1,0,0,1,0,0,1,0,0,0
124,1,6,36.2,NA,4,5,21,7,5,16,1,7.2,6.39,0.64,0.16,9.984375,0,222,131,8.39,6.99,0.79,0.61,0,313,122,35.96,96,196,423,15.2,6.26,94.07,16,52.1,7.05,2910,0.27,262.5,82.8,1.6,1.7,7,20.36,19.35,NA,14,1,1,9,1,5,NA,NA,0,1,1,0.4,0.4,0.4,0.4,0.4,0.4,18,0,0,1,0,0,2,19,1,0,0,0,0,0,0,0,1,1,1,0,0,1,0,0,1,0,0,0
125,0,5,39,2,-1,5,14,2,5,13,1,4.47,3.19,0.86,0.65,3.7093023255814,0.06,144,121,6.28,5.46,0.37,0.37,0.07,206,108,39.35,11,19,337,15.7,11.64,749.52,12.6,44.5,6.72,2040,0.22,63.4,NA,NA,NA,-12,21.24,20.61,NA,3,1,2,12,1,2,1,6,0,0,1,0.3,0.3,0.3,0.3,0.3,0.3,9,0,0,0,0,0,2,8,1,1,0,0,0,1,0,0,0,1,1,0,0,0,0,1,0,0,0,0
126,1,7,39.5,2,2,5,20,8,5,14,1,16.65,1.17,15.23,0.22,0.0768220617202889,0,165,95,24.5,3.02,20.77,0.67,0,223,100,31.14,14,27,94,12.8,6.17,91.96,16,50.3,3.53,12920,0.53,154,NA,NA,NA,17,14.24,13.04,NA,17,0,1,2,1,6,1,5,0,1,1,0.6,0.6,0.3,0.3,0.3,0.3,11,0,0,0,0,0,2,10,0,0,0,0,0,0,0,0,0,1,1,0,0,0,0,1,0,0,0,0
127,1,11,36.7,1,NA,NA,NA,NA,NA,NA,NA,5.93,5.2,0.41,0.27,12.6829268292683,0,184,116,6.18,5.38,0.44,0.28,0.07,331,125,29.04,10,19,132,12,17.95,96.24,15,42.2,4.61,1440,0.58,119.9,NA,NA,NA,-2,23.44,24.71,NA,3,1,1,2,1,6,0,0,0,1,1,0.3,0.3,0.3,0.3,0.3,0.3,18,0,17,0,0,0,2,17,1,1,1,0,0,0,0,0,0,1,1,1,0,0,0,0,0,0,1,0
128,1,3,36.5,NA,-2,5,19,29,5,16,1,10.14,8.17,0.86,0.83,9.5,0.25,358,88,7.18,6.38,1.37,0.85,0.01,337,83,25.51,21,38,40,18,7.92,108,14.2,49.5,5.48,1360,0.11,113.3,294,1.2,-0.5,-6,20.55,21.03,NA,1,1,0,15,NA,NA,1,5,0,1,0,0,0,0,0,0,0,0,1,0,0,0,0,2,22,0,0,1,0,0,0,0,0,0,1,1,0,0,0,0,1,0,0,0,0
129,1,3,36.4,NA,6,5,12,9,4,10,1,7.55,6.16,0.79,0.58,7.7974683544303804,0.02,220,118,11.67,9,1.77,0.88,0.01,296,112,29.45,21,41,177,15.9,9.26,54.13,13.9,44.9,5.75,1170,0.05,102.39,267,0.9,1.9,3,18.93,21.28,NA,3,0,1,1,1,5,NA,NA,2,1,1,0.4,0.4,0.4,0.4,0.4,0.4,13,0,0,0,0,0,2,12,0,0,0,0,0,0,0,0,0,1,1,0,0,0,0,1,0,0,0,0
130,1,4,36.2,1,-2,5,11,NA,NA,NA,NA,7.38,6.85,0.26,0.26,26.3461538461538,0,182,103,7.19,6.63,0.28,0.25,0.02,136,99,24.68,41,43,252,10.6,6.58,175.96,15.7,41.3,3.5,2880,1.12,42.99,89.5,0.7,-8.1,2,24.31,25.95,NA,2,0,0,-2,NA,NA,0,NA,0,1,1,0.4,0.4,0.4,0.4,NA,NA,4,0,0,0,0,0,1,4,1,0,0,0,0,0,0,0,0,1,1,0,0,0,0,1,0,0,0,0
131,0,4,36.8,NA,-3,5,25,1,5,25,2,9.03,8.5,0.18,0.34,47.2222222222222,0,189,112,12.79,12.04,0.29,0.45,0,313,109,29.96,27,68,91,13.1,6.14,1449.62,17.1,50.3,10.06,3760,34.54,253.4,121,1,-2.5,-2,13.18,15.29,6,28,1,1,2,1,NA,NA,NA,2,1,1,0.4,0.4,0.4,0.4,0.4,0.4,6,0,0,0,0,0,2,12,1,0,0,0,0,1,0,0,0,1,1,0,0,0,0,1,0,0,0,0
132,1,7,37.4,2,1,5,20,NA,NA,NA,NA,12.31,11.02,0.18,0.8,61.2222222222222,0,169,142,24.8,23.84,0.39,0.55,0,139,125,30.17,56,44,87,30.1,19.33,74.66,15.8,33,6.62,1970,0.26,107.16,NA,NA,NA,1,24.84,27.06,6,6,0,1,2,1,5,1,7,0,1,1,0.4,0.4,0.4,0.4,0.4,0.4,8,0,0,0,0,0,1,8,1,0,1,0,0,0,0,0,0,1,1,0,0,0,0,1,0,0,0,0
133,1,7,36.2,NA,-2,5,5,7,5,7,2,0.9,0.9,0,0,NA,0,76,96,2.85,2.36,0.12,0.36,0,138,108,35.2,21,43,310,10.1,9.71,1220.05,13.7,40.7,5.72,830,6.51,90.47,198,3.1,-4,0,19.48,20.87,2,7,0,2,10,1,10,1,6,0,1,0,0,0,0,0,0,0,0,0,1,0,0,0,2,9,0,0,1,0,0,1,0,0,0,1,1,1,0,0,1,0,0,0,1,0
134,1,6,36.8,NA,5,5,14,NA,NA,NA,NA,3.11,2.2,0.5,0.31,4.4,0.09,142,123,10.49,9.26,0.52,0.7,0,269,118,31.9,34,15,132,11,5.17,1230.56,14.2,50.9,5.7,1130,17.56,108.86,272,0.5,-3.8,-3,13.82,13.68,2,18,1,1,10,1,5,1,5,0,1,1,0.3,0.3,NA,NA,NA,NA,2,0,0,0,0,0,2,7,1,0,1,0,0,1,0,0,0,1,1,1,0,0,1,1,0,0,0,0
135,1,5,36.7,2,-1,5,21,NA,NA,NA,NA,4.39,4.07,0.12,0.18,33.9166666666667,0,91,132,7.84,6.93,0.48,0.39,0,47,117,27.6,53,92,678,24.4,7.97,171.67,15.4,48.7,7.02,4610,100.54,315.4,77.9,3,-1.8,-1,12.63,12.34,0,0,0,1,1,1,3,1,3,0,1,1,0.2,0.4,0.2,NA,NA,NA,3,0,0,0,0,0,1,3,0,0,0,0,0,0,0,0,0,1,1,0,0,1,0,1,0,0,0,0
136,0,2,36.9,NA,6,5,20,NA,NA,NA,NA,3.15,2.55,0.41,0.19,6.21951219512195,0,179,105,4,3,0.4,0.4,0,32,108,31.2,25,45,683,8.8,15.08,55.61,12.5,36.6,5.23,1290,0.12,178.15,NA,NA,NA,0,24.7,25.66,5,5,0,1,0,1,6,NA,NA,2,1,1,0.4,0.4,0.4,0.4,0.4,0.4,8,0,0,0,0,0,2,7,0,0,0,0,0,0,0,0,0,1,1,0,0,0,0,1,0,0,0,0
137,1,6,37.6,2,5,5,17,NA,NA,NA,NA,5.83,3.93,0.87,0.91,4.51724137931035,0.1,324,117,8.61,5.86,1.61,1.14,0,400,117,24.3,27,31,57,13.9,5.59,90.41,15.9,44.5,6.14,1100,0.11,127.33,311,0.9,-0.1,NA,NA,NA,NA,0,1,2,13,1,9,NA,NA,0,1,1,0.4,0.4,0.4,0.4,0.4,0.4,8,0,0,0,0,0,2,8,0,0,0,0,0,0,1,0,0,1,1,0,0,0,0,1,0,0,0,0
138,1,6,37.5,5,-1,4,7,6,5,13,2,4.92,3.12,1.15,0.63,2.71304347826087,0.01,203,144,9.8,8.4,0.6,0.7,0,278,129,32.9,21,55,468,12.2,10.07,119.95,13,43.4,4.32,1510,0.05,87.98,280,0.7,-1.9,1,25.96,28.16,10,12,1,2,7,1,6,2,8,2,1,0,0,0,0,0,0,0,0,0,0,0,0,0,2,14,1,0,0,0,0,0,0,0,0,1,0,0,0,0,0,1,0,0,0,0
139,1,5,36.8,NA,-4,5,19,5,5,17,1,6.95,5.14,1.14,0.57,4.50877192982456,0.09,278,126,8.33,6.07,1.49,0.74,0.02,217,111,32.14,27,38,212,11.8,4.95,82.55,14.8,39.9,5.12,2640,0.05,86.7,500,1.1,1.2,NA,NA,NA,NA,NA,NA,2,10,1,5,NA,NA,0,1,1,0.4,0.4,0.4,0.4,0.2,0.2,8,0,0,0,0,0,2,7,1,1,0,0,0,0,0,0,0,1,1,0,0,0,0,1,0,0,0,0
140,1,5,NA,NA,10,5,7,-44919,NA,NA,2,10.25,8.2,1.23,0.75,6.66666666666667,0.004,114,92,11.2,10.3,0.5,0.2,0.007,47,92,24,2228,369,756,27,7.9,170,18.5,38.7,3.68,12150,5.25,NA,NA,NA,NA,0,13,12.45,9,14,0,1,7,2,5,2,9,0,1,0,NA,NA,NA,NA,NA,NA,0,0,17,0,1,17,1,17,0,0,1,0,0,0,0,0,0,1,1,0,0,0,0,1,0,0,0,0
141,0,5,38.5,NA,NA,NA,NA,-44928,NA,NA,1,8.8,8.1,0.4,0.3,20.25,0,127,64,33,30.3,1,1.8,0.1,265,51,20,75,55,2190,7,10.98,551,14.8,42.3,5.7,11500,17.23,200.6,NA,NA,NA,4,17.39,18.48,9,19,0,1,0,2,5,2,NA,2,1,1,0.8,0.8,0.8,0.8,0.8,0.8,8,1,22,0,1,22,1,21,1,1,0,0,0,1,0,0,0,1,1,1,0,0,0,0,0,1,0,0
142,1,5,39.8,NA,-1,5,15,15,5,9,1,13.78,12.06,0.86,0.84,14.0232558139535,0.001,312,94,NA,NA,NA,NA,NA,NA,NA,31.4,22,32,233,6,7.99,247,14,36,6.6,3240,3.67,NA,100,NA,-7,-44924,NA,NA,-44924,6,1,1,7,2,5,2,10,0,1,1,0.3,0.3,0,0,0,0,2,NA,30,0,1,30,1,32,1,0,1,0,0,0,0,0,0,1,1,0,0,0,0,0,1,0,0,0
143,1,4,NA,NA,0,5,16,16,5,11,1,8.29,6.38,1.07,0.76,5.96261682242991,0.06,101,120,9,0.931,0.016,0.052,0,85,99,27,25,45,78,28.3,5.2,104,13,36,5.68,2910,0.19,115,236,1.3,-2,1,17.96,20.3,4,9,1,1,2,2,5,2,10,2,1,1,0.8,0.8,0.8,0.8,0.4,0.4,11,0,NA,1,1,NA,2,33,NA,NA,NA,NA,NA,NA,NA,NA,NA,1,1,0,0,0,0,0,1,0,0,0
144,1,7,39,NA,-1,5,15,-44928,NA,NA,2,19.18,17.8,0.51,0.8,34.9019607843137,0.01,374,82,20.46,19.7,0.23,0.35,0.007,138,93,30.6,30,50,613,8.8,7.57,424,15.8,43,8.44,860,7.29,260,NA,NA,NA,1,12.27,14.33,5,5,0,1,1,2,5,2,3,0,1,1,0.8,0.8,0.8,0.4,0.4,0.4,7,0,0,0,1,7,1,8,1,0,1,0,0,1,0,0,0,1,1,0,0,0,0,0,1,0,0,0
145,1,7,NA,NA,-3,5,18,16,5,25,1,15.8,14.5,0.74,0.55,19.5945945945946,0,230,131,24.2,23.6,0.2,0.4,0.001,106,104,27,30,36,104,12,8.7,64,15.3,33,4.4,20000,1.48,128,NA,NA,NA,-4,22.6,22.6,-4,19,1,1,16,2,5,2,10,2,1,1,0.4,0.4,0.8,0.8,0.4,0.4,16,NA,21,1,1,21,1,22,1,0,0,0,0,0,1,0,0,1,1,0,0,0,0,0,1,1,0,1
146,0,5,NA,NA,0,5,10,10,5,9,1,11.6,10.78,0.75,0.09,14.3733333333333,0,117,83,13.45,12.87,0.28,0.27,0,184,3,30.4,39,64,1228,8.7,15.12,277,14,43,6.7,2390,44,94,116,NA,NA,-3,13.28,15.48,1,29,1,1,11,1,5,1,4,2,1,1,0,0,0,0,0.2,0.2,20,1,1,0,1,41,2,47,0,1,1,0,0,0,0,0,0,1,1,0,0,0,0,1,0,0,0,0
147,1,9,39,NA,-1,4,12,9,4,6,1,18.08,17.13,0.21,0.72,81.5714285714286,0,273,129,14.6,13.6,0.4,0.5,0.003,109,88,30.4,21,36,339,12,10.7,37,15.6,41.8,6.9,2790,6.64,221.7,148,1.9,NA,1,18.37,15.8,4,10,1,1,0,2,5,2,5,0,1,1,0,0.4,0.4,0.4,0.8,0.8,30,0,30,0,0,30,2,31,1,0,0,0,0,0,1,0,0,1,1,0,0,0,0,0,0,1,0,0
148,1,8,39.2,NA,-1,5,6,4,5,8,2,5.7,4.3,0.9,0.43,4.77777777777778,0.003,398,55,15.3,13.11,1.185,0.98,0,435,80,25.1,79,75,78,6,6.99,295,14.9,46,6.9,2760,0.53,105,NA,NA,NA,5,22,20.1,-44933,5,0,0,-5,NA,NA,0,NA,0,1,1,0.4,0.4,0.4,0.4,0.4,0.4,6,0,0,0,1,6,1,6,1,0,0,0,0,0,0,0,0,1,1,0,0,0,0,0,1,0,0,0
149,1,4,38,NA,NA,NA,NA,-44918,NA,NA,2,8.7,7.3,0.64,0.74,11.40625,0.01,276,123,7.4,6.5,0.21,0.17,0.5,21,39,34,40,61,768,16,12.4,125.6,14.5,42,6.67,1830,10.9,260,NA,NA,NA,NA,NA,NA,-44918,-1,0,1,1,2,4,1,5,0,1,1,0,0,0,NA,NA,NA,1,0,4,0,1,4,1,4,1,0,0,1,0,0,0,0,0,1,1,0,0,0,0,0,0,0,1,0
150,1,8,NA,NA,-1,5,9,-44927,NA,NA,2,8.9,8,0.4,0.5,20,0,198,128,13.9,13.2,0.2,0.3,0.006,30,97,21.1,32,32,239,10,19.4,315,19.6,39.8,7.1,8190,6.49,161,NA,NA,NA,5,15.15,15.8,8,10,0,1,-5,2,2,2,11,2,1,1,0,0,0.6,0.6,0.8,NA,3,0,10,0,1,10,1,11,1,0,1,0,1,0,0,0,0,1,1,0,0,0,1,0,1,0,0,0
151,1,3,NA,NA,NA,NA,NA,-44923,NA,NA,1,8.2,7.7,0.36,0.14,21.3888888888889,0,263,95,6.6,6.3,0.1,0.1,0.003,118,79,29,29,29,25,14,10.58,94,12,43,6.7,6660,2.3,NA,NA,NA,NA,0,21.85,21.45,6,6,0,1,0,2,4,NA,0,0,1,1,0,0.6,0.6,0.6,0.6,0.6,6,NA,6,0,1,7,2,7,0,0,1,0,0,0,0,0,0,1,1,0,0,0,0,0,1,0,0,0
152,1,4,NA,NA,-2,5,6,2,5,6,1,6.97,5.05,0.9,0.92,5.61111111111111,0.01,296,102,NA,NA,NA,NA,NA,NA,NA,31.8,15,26,46,10.3,8.6,304,NA,NA,7.3,680,0.21,NA,NA,NA,NA,0,21.3,23,9,11,1,1,21,1,10,1,19,0,1,0,NA,NA,NA,NA,NA,NA,0,0,5,0,1,19,1,23,1,1,0,0,0,0,0,1,0,1,1,0,0,1,0,0,1,0,0,0
153,1,7,36.7,4,1,4,9,8,5,17,2,4.33,3.17,0.9,0.25,3.52222222222222,0,83,142,NA,NA,NA,NA,NA,NA,NA,38.4,8,28,49,11,13.36,126,NA,NA,3.2,1430,0.16,NA,NA,NA,NA,17,19.55,17.91,21,28,0,1,6,1,4,2,16,2,1,1,0.3,0.3,0.3,0.3,0.3,0.3,26,1,7,0,1,8,1,30,1,1,1,0,1,0,0,0,0,1,1,0,0,0,0,0,1,0,0,0
154,1,4,36.6,0,-1,5,11,12,5,8,1,6.56,4.21,0.89,1.44,4.73033707865169,0.01,141,154,10.28,9.05,0.2,1,0,83,110,33.01,29,61,267,10.6,7.7,127.41,25.6,42.8,4.88,560,0.06,27.14,175.56,0.9,-0.3,0,23.7,23.9,7,30,1,1,11,1,3,2,16,NA,1,1,0,0.4,0.4,0.3,0.3,0.3,11,1,31,1,1,34,1,34,NA,NA,NA,NA,NA,NA,NA,NA,NA,1,1,0,0,0,1,0,1,0,0,0
155,1,5,36.8,2,2,5,19,NA,5,20,2,13.09,12.08,0.4,0.6,30.2,0,168,135,15.73,14.58,0.45,0.68,0,115,133,32.22,7,17,217,14.9,17.8,59.39,16.1,31.2,2.15,20000,0.05,42.99,275,1,1.7,5,24.21,21.74,NA,5,0,0,11,NA,NA,2,6,NA,1,1,0.6,0.6,0.6,0.6,0.6,0.6,6,0,6,1,1,6,1,6,0,1,0,0,0,0,1,0,0,1,1,0,0,0,0,0,0,1,0,0
156,1,5,37.2,3,1,5,12,8,5,14,2,12.07,9.5,1.47,0.96,6.46258503401361,0.11,262,82,66.17,64.57,0.39,1.14,0.03,18,69,29.6,5,31,25,7.8,7.2,27.36,14.6,43.2,6.26,2420,0.51,106.34,NA,0.9,-0.7,0,8.74,10.66,3,15,0,1,1,2,6,NA,20,NA,1,1,0.4,0.4,0.4,0.4,0.4,0.4,8,NA,21,1,1,21,1,20,0,0,0,0,0,0,0,0,1,1,1,1,0,1,0,0,0,1,0,0
157,1,9,38.4,6,-1,2,4,7,5,20,2,7.37,6.56,0.43,0.37,15.2558139534884,0,101,131,14.51,13.99,0.31,0.2,0,84,109,30.6,29,34,80,19.1,17.84,146.99,15,49.3,5.59,650,2.14,259.5,186.7,1.7,0.9,7,15.87,18.51,8,13,0,1,18,2,12,NA,8,NA,1,1,0,0,0,0,0,0,4,4,23,1,1,23,1,28,1,1,1,0,1,0,0,0,1,1,1,0,0,0,1,0,1,0,0,0
158,1,7,36.6,1,3,3,7,20,3,7,2,18.11,17.4,0.28,0.4,62.1428571428571,0,65,97,15.07,12.48,0.66,0.76,0.06,234,72,26.1,117,179,117,15.2,20.7,65.4,16.1,44,4.77,1460,6.17,20.29,327,1,2.9,4,14.06,12.72,6,15,0,1,14,2,22,NA,0,NA,1,0,0,0,0,0,0,0,0,0,5,0,1,18,2,20,1,1,0,0,0,0,1,0,0,1,1,0,0,1,1,0,0,1,0,0
